   5.7748942e+02   2.0027791e+02
   6.1843890e+02   2.4308872e+02
   6.9661516e+02   2.2447532e+02
   6.0168684e+02   1.9283255e+02
   6.2774559e+02   2.1702996e+02
   6.7986310e+02   2.1144595e+02
   6.4263631e+02   1.5188308e+02
   3.9135546e+02   5.4090306e+02
   5.7376675e+02   5.0926028e+02
   3.9321680e+02   5.0181492e+02
   3.9880082e+02   3.9199589e+02
   5.8679612e+02   4.0130259e+02
   5.0675852e+02   3.0079025e+02
   4.7511575e+02   3.0079025e+02
   5.6259871e+02   3.3801704e+02
   5.7748942e+02   2.7845417e+02
   6.1099354e+02   3.2498766e+02
   6.0540952e+02   3.8827321e+02
   6.7986310e+02   4.0316392e+02
   7.5431669e+02   3.8268919e+02
   7.5990071e+02   3.1009694e+02
   6.8916980e+02   3.3057168e+02
   7.0406052e+02   2.6170212e+02
   8.0085018e+02   4.2363866e+02
   9.2928261e+02   3.7524383e+02
   9.3858931e+02   3.0637427e+02
   9.4045065e+02   2.5611810e+02
   8.9577850e+02   2.8031551e+02
   8.5110635e+02   2.5797944e+02
   8.9577850e+02   2.3192068e+02
   9.1439189e+02   2.2261398e+02
   9.5906404e+02   2.0213925e+02
   8.9019448e+02   4.7947885e+02
   7.7851410e+02   5.7999119e+02
   7.1895123e+02   6.0232726e+02
   6.1843890e+02   6.1907932e+02
   4.9559048e+02   6.2094066e+02
   3.6157403e+02   5.7999119e+02
   6.5380435e+02   5.1112162e+02
   4.2858226e+02   2.7659283e+02
   4.2672092e+02   2.1144595e+02
   2.9828848e+02   1.2954700e+02
   2.9084313e+02   1.8538719e+02
   1.6799471e+02   1.7794183e+02
   2.9084313e+02   2.6170212e+02
   2.7595241e+02   3.2684900e+02
   2.2383490e+02   2.9706757e+02
   2.7409107e+02   4.3666804e+02
