   5.4398531e+02   3.0451293e+02
   5.2723325e+02   3.7338249e+02
   6.2216157e+02   3.8641187e+02
   5.6073737e+02   3.1009694e+02
   5.5329201e+02   3.5290776e+02
   6.0727086e+02   3.6221445e+02
   5.8865746e+02   2.9892891e+02
   2.7036839e+02   5.2973502e+02
   4.1183020e+02   5.8557521e+02
   2.6850705e+02   5.0181492e+02
   2.6478437e+02   4.2363866e+02
   4.1741422e+02   5.1112162e+02
   4.2113690e+02   3.7338249e+02
   3.9507814e+02   3.6035311e+02
   4.6580905e+02   4.2736134e+02
   5.0303584e+02   3.8268919e+02
   5.2537192e+02   4.3666804e+02
   5.1792656e+02   4.8134019e+02
   6.0354818e+02   5.1856698e+02
   6.9289248e+02   5.2787368e+02
   7.0219918e+02   4.7389483e+02
   6.1285488e+02   4.6458813e+02
   6.6497239e+02   4.0130259e+02
   7.0592186e+02   5.8929788e+02
   9.1066921e+02   5.8557521e+02
   9.2369859e+02   5.3531904e+02
   9.3114395e+02   4.9436957e+02
   8.5855170e+02   5.0367626e+02
   8.4924501e+02   4.5342009e+02
   8.9205582e+02   4.5528143e+02
   9.2369859e+02   4.5155875e+02
   9.7953878e+02   4.5155875e+02
   7.4500999e+02   6.8794888e+02
   5.5143067e+02   7.4378907e+02
   4.6953173e+02   7.4192773e+02
   3.7274207e+02   7.1214630e+02
   2.5733901e+02   6.6375147e+02
   2.1080552e+02   5.5579377e+02
   4.9000646e+02   6.1907932e+02
   4.2485958e+02   2.9892891e+02
   4.5277967e+02   2.2819800e+02
   4.3416627e+02   8.6736193e+01
   4.0438484e+02   1.3699236e+02
   2.6478437e+02   9.6042891e+01
   2.7595241e+02   2.4681140e+02
   2.3872562e+02   2.9892891e+02
   2.2755758e+02   2.4681140e+02
   2.3686428e+02   3.8082785e+02
