   6.4203000e+02   1.5179000e+02
   1.6503000e+02   1.7759000e+02
   2.9797000e+02   1.2939000e+02
   9.5843000e+02   2.0230000e+02
   7.6770000e+01   2.4402000e+02
   3.5940000e+02   5.8016000e+02
   5.5124000e+02   3.1977000e+02
   8.1314000e+02   2.9471000e+02
   1.1454000e+02   2.1816000e+02
   3.9065000e+02   5.4349000e+02
   3.9667000e+02   3.9364000e+02
   5.8539000e+02   4.0196000e+02
   3.8627000e+02   4.9747000e+02
   5.7428000e+02   5.2035000e+02
   5.6212000e+02   3.3951000e+02
   4.7336000e+02   2.9991000e+02
   5.0469000e+02   2.9966000e+02
   1.1260000e+02   3.6482000e+02
   2.9104000e+02   2.6131000e+02
   2.7507000e+02   3.2724000e+02
   2.7538000e+02   4.8000000e+02
   3.8739000e+02   3.4830000e+02
   6.1890000e+02   6.2009000e+02
   5.9881000e+02   5.1821000e+02
   2.2498000e+02   2.9830000e+02
   2.2574000e+02   3.6932000e+02
   1.5908000e+02   3.1924000e+02
   1.6001000e+02   4.0846000e+02
   1.5461000e+02   2.6120000e+02
   1.3324000e+02   2.4985000e+02
   1.4155000e+02   3.9612000e+02
   1.1814000e+02   2.9020000e+02
   1.7358000e+02   2.5357000e+02
   1.7697000e+02   3.2195000e+02
   1.6528000e+02   3.2647000e+02
   1.5754000e+02   2.0912000e+02
   1.5679000e+02   1.9095000e+02
   1.5884000e+02   2.2327000e+02
   5.5886000e+02   2.6743000e+02
   5.7658000e+02   2.7658000e+02
   6.1249000e+02   3.2426000e+02
   6.0670000e+02   3.8876000e+02
   6.0765000e+02   3.8536000e+02
   6.3432000e+02   4.2188000e+02
   6.3482000e+02   4.3348000e+02
   5.9264000e+02   5.1841000e+02
   5.9426000e+02   4.8449000e+02
   6.3295000e+02   4.7979000e+02
   6.2371000e+02   5.1552000e+02
   6.3070000e+02   5.1555000e+02
   6.5903000e+02   4.5561000e+02
   6.5453000e+02   4.4418000e+02
   6.6727000e+02   4.4335000e+02
   6.4897000e+02   4.3049000e+02
   6.7916000e+02   4.0179000e+02
   6.8694000e+02   3.3066000e+02
   6.6847000e+02   4.6423000e+02
   6.1822000e+02   2.4238000e+02
   7.0026000e+02   2.2554000e+02
   6.2696000e+02   2.1792000e+02
   6.7613000e+02   2.0790000e+02
   7.2900000e+02   4.5249000e+02
   7.9901000e+02   3.9330000e+02
   7.9976000e+02   3.7696000e+02
   7.5741000e+02   3.5711000e+02
   7.6224000e+02   3.1223000e+02
   7.0250000e+02   2.5906000e+02
   7.5512000e+02   3.9909000e+02
   6.4861000e+02   4.2775000e+02
   7.5593000e+02   3.8366000e+02
   5.5339000e+02   2.5612000e+02
   7.6929000e+02   3.7440000e+02
   7.8416000e+02   3.8102000e+02
   7.6957000e+02   4.0618000e+02
   7.8426000e+02   3.9815000e+02
   7.4327000e+02   3.1559000e+02
   7.5163000e+02   3.1392000e+02
   7.3857000e+02   3.0003000e+02
   7.4812000e+02   2.8892000e+02
   7.5673000e+02   2.8628000e+02
   7.5076000e+02   2.8190000e+02
   8.9072000e+02   3.2669000e+02
   8.9415000e+02   2.8247000e+02
   9.4208000e+02   2.5984000e+02
   8.9549000e+02   2.3301000e+02
   9.1562000e+02   2.2300000e+02
   8.5126000e+02   2.5788000e+02
   9.7552000e+02   2.7598000e+02
   9.4118000e+02   2.7458000e+02
   9.9080000e+02   2.6878000e+02
   9.4530000e+02   2.2060000e+02
   9.0824000e+02   1.9143000e+02
   8.3709000e+02   1.8520000e+02
   2.7510000e+02   2.1228000e+02
   3.0102000e+02   2.2749000e+02
   2.8253000e+02   2.2070000e+02
   3.0807000e+02   2.3608000e+02
   5.4417000e+02   3.4807000e+02
   5.4578000e+02   3.2982000e+02
   6.1940000e+02   2.4201000e+02
   6.9636000e+02   2.2710000e+02
   2.2468000e+02   3.5949000e+02
   1.6380000e+02   3.1717000e+02
   9.2681000e+02   2.3974000e+02
   9.2098000e+02   2.3097000e+02
   9.3329000e+02   2.4809000e+02
   9.3134000e+02   2.1711000e+02
   9.3784000e+02   2.1891000e+02
   9.1709000e+02   2.0884000e+02
