   9.9723855e-03  -1.6185497e-01   3.1265097e-02
  -1.1637773e-01  -2.1401061e-01   7.6048377e-02
  -1.0353047e-01  -1.6680659e-01   8.6685744e-02
   3.7555786e-02  -5.0334321e-02   3.8559973e-03
  -2.0342125e-01  -1.7431700e-01   8.8802564e-02
  -7.6777981e-02  -2.2678994e-01  -5.7111169e-02
  -1.5092794e-02  -1.9135925e-01  -7.2212127e-03
  -1.1875581e-02  -6.5515138e-02  -6.2140694e-03
  -1.3439586e-01  -2.2048145e-01   7.1020451e-02
  -7.8449581e-02  -2.0940444e-01  -4.8538569e-02
  -4.5056050e-02  -2.2610120e-01  -1.5145038e-02
  -1.1571888e-02  -1.9225483e-01  -3.1698377e-02
  -8.6237081e-02  -1.9624844e-01  -3.3747369e-02
  -3.7710181e-02  -1.7935834e-01  -5.8214969e-02
  -2.5863690e-02  -1.7517468e-01  -9.6801787e-03
  -3.5593314e-02  -1.9492977e-01   6.6182973e-03
  -2.9744914e-02  -1.8923297e-01   4.0432473e-03
  -1.6729505e-01  -2.0704000e-01   3.5962964e-02
  -7.2859248e-02  -2.1956330e-01   3.3148464e-02
  -7.8100946e-02  -2.2794231e-01   1.6261865e-02
  -1.1012625e-01  -2.1243800e-01  -1.8995336e-02
  -5.4160669e-02  -2.1386349e-01   2.0904265e-04
  -2.2384014e-02  -1.9325987e-01  -8.9026903e-02
  -3.3401648e-02  -1.7422860e-01  -5.9310336e-02
  -9.3735868e-02  -2.2783154e-01   3.0381844e-02
  -1.0798741e-01  -2.2107297e-01   1.4192597e-02
  -1.2830356e-01  -2.2086958e-01   3.6900784e-02
  -1.4773735e-01  -2.1213340e-01   1.5571564e-02
  -1.1629658e-01  -2.2740117e-01   5.0611557e-02
  -1.2344429e-01  -2.2735408e-01   5.6855324e-02
  -1.5469441e-01  -2.1115167e-01   2.1926897e-02
  -1.5031188e-01  -2.1232254e-01   5.4057231e-02
  -1.1442015e-01  -2.2136265e-01   5.1847057e-02
  -1.2870168e-01  -2.1365124e-01   3.5931231e-02
  -1.2958977e-01  -2.1803316e-01   3.5020604e-02
  -1.1958420e-01  -2.1733248e-01   6.7494711e-02
  -1.1533684e-01  -2.1962066e-01   7.1641071e-02
  -1.1293278e-01  -2.2506029e-01   6.0445931e-02
  -2.2529048e-02  -1.7082960e-01   1.0119564e-02
  -1.8599781e-02  -1.6957514e-01   5.9547306e-03
  -1.8604028e-02  -1.6043151e-01  -8.5682160e-03
  -3.2829581e-02  -1.5313144e-01  -2.3252269e-02
  -3.1928648e-02  -1.5341860e-01  -2.2529336e-02
  -2.0856381e-02  -1.6179144e-01  -3.6579769e-02
  -2.2875081e-02  -1.6048964e-01  -3.9379769e-02
  -3.4260148e-02  -1.7580240e-01  -5.9062036e-02
  -2.7389248e-02  -1.7937790e-01  -5.1099036e-02
  -2.0672581e-02  -1.7093944e-01  -5.2777469e-02
  -2.8796014e-02  -1.6914437e-01  -6.0670803e-02
  -2.8245981e-02  -1.6683154e-01  -6.1123869e-02
  -1.2332148e-02  -1.6741980e-01  -4.8901136e-02
  -1.3885048e-02  -1.6562940e-01  -4.5322936e-02
  -1.2343181e-02  -1.6187134e-01  -4.5739669e-02
  -2.0955881e-02  -1.5634384e-01  -3.9623869e-02
  -2.8029844e-02  -1.2800571e-01  -3.0798743e-02
  -1.1984958e-02  -1.3626760e-01  -1.4331856e-02
  -1.6660748e-02  -1.5885090e-01  -5.0948136e-02
  -1.0541812e-03  -1.7056334e-01   9.1223306e-03
   1.1160529e-02  -1.4797516e-01   8.6223106e-03
   7.7515218e-04  -1.6545590e-01   1.5457764e-02
   8.2058222e-03  -1.5197324e-01   1.5227724e-02
  -7.3584145e-03  -1.4215187e-01  -5.1964403e-02
  -1.4741612e-03  -1.0718288e-01  -3.9007709e-02
   1.7532088e-03  -1.0912832e-01  -3.5106149e-02
  -1.0187861e-02  -1.0858218e-01  -2.4543209e-02
  -2.0401115e-04  -1.1404088e-01  -1.4035809e-02
  -5.7911312e-03  -1.2641919e-01   4.8754306e-03
  -1.3695061e-02  -1.1143418e-01  -3.6188209e-02
  -3.0315848e-02  -1.4316670e-01  -3.6655736e-02
  -1.6030738e-02  -1.0563442e-01  -3.1157856e-02
  -2.6653084e-02  -1.6602343e-01   1.5023237e-02
  -8.8664265e-03  -1.0762225e-01  -3.0479879e-02
  -4.7349445e-03  -1.0750021e-01  -3.4096743e-02
  -9.7079745e-03  -1.1148955e-01  -3.9798883e-02
  -8.0123378e-03  -1.0525862e-01  -3.8397356e-02
  -3.1266542e-03  -1.1950945e-01  -1.3774643e-02
  -1.8105178e-03  -1.1716765e-01  -1.3715176e-02
  -3.0782978e-03  -1.1947655e-01  -9.0614360e-03
   3.5446792e-03  -1.2309126e-01  -8.0389900e-03
   5.3481422e-03  -1.2116762e-01  -8.0022960e-03
   4.3974788e-03  -1.2194007e-01  -6.3128094e-03
   1.3702219e-02  -7.1242838e-02  -2.5956169e-02
   2.2810239e-02  -7.6822398e-02  -1.5194249e-02
   3.0053892e-02  -5.7964674e-02  -1.1357496e-02
   2.5077006e-02  -7.0503131e-02  -6.9518269e-04
   2.7772966e-02  -6.1858211e-02   1.3195773e-03
   1.0451672e-02  -7.4602464e-02  -2.8645160e-03
   3.3699872e-02  -4.7585414e-02  -1.8332016e-02
   2.6697026e-02  -5.5570541e-02  -1.4890963e-02
   3.6278292e-02  -4.2482174e-02  -1.7215696e-02
   3.7614686e-02  -6.2238121e-02  -1.8218027e-03
   2.5868146e-02  -5.6172651e-02   1.2283057e-02
   9.3708855e-03  -6.6584821e-02   2.1346297e-02
  -8.7064281e-02  -2.0500634e-01   5.3267431e-02
  -7.9621214e-02  -2.0450737e-01   4.5636897e-02
  -8.7113428e-02  -2.0302591e-01   5.0684184e-02
  -7.9848334e-02  -2.0259460e-01   4.3055297e-02
  -2.0824068e-02  -1.9057669e-01  -1.3313506e-02
  -1.6804408e-02  -1.9261156e-01  -9.2782560e-03
  -1.4968478e-03  -1.6914640e-01   9.4097640e-03
   1.0067336e-02  -1.4827937e-01   8.7248973e-03
  -1.0618331e-01  -2.2216757e-01   1.6564397e-02
  -1.2815891e-01  -2.1896008e-01   3.7404584e-02
   2.8978572e-02  -6.0842914e-02  -4.4776160e-03
   2.8353332e-02  -6.1320844e-02  -1.3949560e-03
   2.9583808e-02  -5.9868682e-02  -7.4056807e-03
   3.3935426e-02  -6.2797341e-02   8.3723731e-04
   3.5618959e-02  -6.2505808e-02  -4.2962935e-04
   3.0017159e-02  -6.2176408e-02   5.0575706e-03
